0.8042396886833241,0.10231735776764572,0.0
0.04701183994502678,0.13315941280850097,0.0
0.9266972377351391,0.25475007364187807,0.0
0.968474798776691,0.5777876911533446,0.0
0.3485847793849932,0.14049727699764858,0.0
0.13950621097228844,0.23622616520063655,0.0
0.3921714173412947,0.3597440472105399,1.0
0.4238769191217824,0.15724263894154045,1.0
0.7201438166851043,0.26951990746010346,1.0
0.4187701601927495,0.09715815640887482,1.0
0.018279254587812543,0.4687569353863703,1.0
0.8069811632694668,0.8224983180945779,0.0
0.3775901113173681,0.4420202975039096,1.0
0.17670934125815285,0.9741292056403748,1.0
0.014569659183011452,0.33003000247561287,0.0
0.6835433664899517,0.9902124108088618,0.0
0.6704633244298787,0.7173080931933048,0.0
0.3495022758410097,0.11200546477826301,1.0
0.6946085421485124,0.685159022436288,1.0
0.11400018231899889,0.8248190133716481,1.0
0.13178515461310059,0.275609640185709,0.0
0.4933187680138271,0.661573797822011,1.0
0.03159521001793575,0.022991030355033137,0.0
0.3721990613409377,0.11447557922601492,0.0
0.4937234960711181,0.2984393439071431,1.0
0.13783243162125647,0.8101227306914235,0.0
0.41138938055238994,0.6654791928063962,0.0
0.3764933525970914,0.3906175107544687,1.0
0.906985768178865,0.8795539875955667,0.0
0.47658345356015863,0.9639158565379987,0.0
0.052966670879581734,0.3497000897672623,0.0
0.21361139801233575,0.2541867241816327,0.0
0.7532768549345236,0.2290889779321762,0.0
0.4373705855842229,0.41223329838515443,0.0
0.6129596850863627,0.6293084334099175,0.0
0.3671162338069961,0.13930933009037016,1.0
0.6004593723707443,0.013457603503263527,0.0
0.6482830560447871,0.7134940314029674,0.0
0.17911030455982901,0.43076578731752324,0.0
0.1509586199673908,0.4764526237459158,0.0
0.5247915654330422,0.7972353752465301,0.0
0.6820523333772777,0.6243873964487763,0.0
0.6151871308449323,0.3925030052794677,1.0
0.39704109309080293,0.7785803485685598,1.0
0.7077714150159061,0.013599311529087998,0.0
0.24613207765355005,0.7558709907945257,0.0
0.08136634315770075,0.21371537298823728,0.0
0.662536672221223,0.9242942326265116,0.0
0.3817875416116143,0.258577553565707,0.0
0.9106785411589473,0.498551380800464,0.0
0.989488942918216,0.8662205122116422,0.0
0.9609129832359852,0.47477498232032456,0.0
0.0859511015349762,0.016738445568529103,0.0
0.24805832688881924,0.8444064253596467,1.0
0.7032303275856995,0.41666207597334604,1.0
0.6082815468511872,0.6716200260995536,1.0
0.10129970624704365,0.1881620149983495,0.0
0.7409198512371661,0.9085805669671775,0.0
0.9851481798770578,0.9467789318635211,1.0
0.01461696018044567,0.9015185146598949,0.0
0.1774648923049026,0.07350453725408934,0.0
0.0622122579927773,0.5008704965696005,0.0
0.05543175053798832,0.2441241227573424,1.0
0.6036530335533211,0.7160371191717965,1.0
0.8067603566856708,0.7953655886228672,0.0
0.17738906765123275,0.5460518517197532,1.0
0.23817503139511986,0.22809362246234866,0.0
0.12055562657888907,0.7232218896380727,0.0
0.8411648242627177,0.3078590450387889,0.0
0.2775454896532068,0.9049567034623575,0.0
0.10147917778207327,0.42282927103187506,0.0
0.7340899685530815,0.6344211591299741,0.0
0.40736877217462186,0.363101027225174,1.0
0.17994441056476274,0.783234214613844,1.0
0.11067154782153932,0.6011365169608667,0.0
0.6681040938411891,0.5422780105722667,1.0
0.15197789712525767,0.4328273840183793,1.0
0.0677804762425217,0.0738215488288404,0.0
0.7556622354144655,0.2664431531041592,1.0
0.5538534619230714,0.04858427812115207,1.0
0.3519527249585729,0.671014577489032,1.0
0.7270259562074465,0.6983960332744475,0.0
0.13890100523317783,0.505044933221627,0.0
0.020628012695255604,0.259362557499469,0.0
0.23386659168891688,0.9178993006425582,0.0
0.9565140386623175,0.025604156924569077,0.0
0.3873895530329442,0.514242734511478,1.0
0.852477665983785,0.6319919312381146,0.0
0.6462943043666333,0.08413659617298264,0.0
0.7748606670840759,0.8774279132284256,0.0
0.43698155218285084,0.8108148039790816,0.0
0.9484110397779028,0.32472939631020725,0.0
0.44154699935890696,0.5035677713194352,1.0
0.025956380762795828,0.40263026340145314,0.0
0.9534511672465164,0.2360164381253037,0.0
0.8899731717392302,0.8404674496494773,0.0
0.23869944055937553,0.14843483976164107,0.0
0.3088154139580733,0.2812712592194473,0.0
0.06289501656926422,0.9123977175458259,1.0
0.11317167198737232,0.9150996636286982,0.0
0.32599480291767724,0.36913446796241145,1.0
0.846823449794466,0.15153789575902665,1.0
0.16500422880978616,0.42435782856729776,0.0
0.44728844737177786,0.7059637381954248,0.0
0.361638333706519,0.5858580867809643,1.0
0.6752316532505852,0.9197487962736123,0.0
0.27390254300738115,0.6800354214631539,0.0
0.08003721867078839,0.6341103860269358,0.0
0.48264524327273917,0.48539850824911857,1.0
0.7949574127691111,0.5358145361989823,0.0
0.8945560029616239,0.9688163721809919,0.0
0.08737444100351899,0.9595443733534552,1.0
0.6216162602793863,0.8694022835937818,1.0
0.10428027379253668,0.7150427028201031,0.0
0.35885376551792314,0.030372172974364897,0.0
0.2731295532214595,0.0541858348075821,0.0
0.623126161462762,0.49468344888415094,0.0
0.4420176305750583,0.18062271264475538,0.0
0.698169535350754,0.16327941762763554,0.0
0.5800875751528838,0.7302629514705749,0.0
0.33598540808483957,0.10783303743724493,0.0
0.9581293804598575,0.948453528993709,1.0
0.611202651087639,0.039847367343044726,0.0
0.34887451716390583,0.15998399973172672,1.0
0.6915654512648276,0.3758424280081646,1.0
0.825176372594976,0.6266345050965465,0.0
0.7086733385527694,0.05672641761123898,1.0
0.9156961149949064,0.23787519150417957,0.0
0.6517340248879232,0.005171210718883601,0.0
0.17781889843837706,0.1943358479343028,1.0
0.6795518290706765,0.8971225406420312,0.0
0.3450258280686834,0.7656675713853951,0.0
0.26378844561260384,0.30737607483121265,1.0
0.4606603276829052,0.7119878316920375,0.0
0.7866853945381332,0.6970084754420228,0.0
0.08784940947819397,0.007686119706750261,1.0
0.33839602321324846,0.3282977315810228,1.0
0.24869907801593172,0.16652269668801378,1.0
0.4114068911230332,0.8575987396433326,0.0
0.3635730109577545,0.38772711302629526,1.0
0.8607167564902124,0.5931496038026997,0.0
0.8296096123095331,0.6167840861420455,1.0
0.441136889603857,0.9364890700655355,0.0
0.49067466331754106,0.3282223074452846,0.0
0.6086390052896081,0.8660411362329333,1.0
0.336281320187619,0.6272027060975084,1.0
0.95325341044776,0.4858971404978657,0.0
0.6897258513456122,0.32536495762812023,0.0
0.7965719702089779,0.8939786096546674,0.0
0.02421740079549406,0.2117068637687195,0.0
0.39889328280075864,0.7705659242985106,1.0
0.38563993298991406,0.40188869655677595,1.0
0.2774091149259891,0.6987423752151226,1.0
0.544325663237549,0.6292816299871071,0.0
0.11717670354017762,0.5917876913073793,0.0
0.19771559911924097,0.7028296151790979,0.0
0.06657783965631969,0.33683060434577317,0.0
0.3486242392602662,0.6153866852228377,0.0
0.700443709198556,0.47157843816828404,1.0
0.0028401028311459964,0.8716250323483461,0.0
0.23189894648493115,0.31887379392427584,1.0
0.4549026507118754,0.7573166502334182,0.0
0.8915288288847703,0.7824342190631779,0.0
0.5235791493627453,0.3214420803154795,1.0
0.7020323344115009,0.5088496432813843,1.0
0.3343595442987497,0.48453174666513255,1.0
0.09000028391633008,0.9997481388271278,0.0
0.7327643522611742,0.20224275588451612,0.0
0.11198930589983414,0.8700637953657876,0.0
0.6681629498452316,0.43235799223300364,1.0
0.8493326655420951,0.7749542185055247,0.0
0.49621227757367636,0.7808527433239146,0.0
0.70429104370084,0.7114142240332102,1.0
0.0064196173553583424,0.6151749817739071,0.0
0.726950641878428,0.12469394028724745,1.0
0.41040254893742256,0.056042792064097124,0.0
0.8356931558832699,0.8915214430434143,1.0
0.11539790909381187,0.14753308710611035,0.0
0.9340518447169905,0.6934081928757637,1.0
0.9306463722017079,0.3348693923839253,1.0
0.473192700496068,0.20236707292870404,0.0
0.7556674058282338,0.19425318481483056,0.0
0.7412029441922428,0.6737683381718687,0.0
0.7904231399212891,0.5782361448649573,0.0
0.828447008955418,0.7554240158654253,0.0
0.1327976021042071,0.8168884637948505,0.0
0.7646060124874937,0.34884136994308956,0.0
0.13518895855887314,0.9428579817961034,0.0
0.3786974278788974,0.16807807256045526,0.0
0.3843478323388234,0.3434503861618008,1.0
0.5154203770787665,0.1249144489139471,0.0
0.6228458118006435,0.554091524125562,1.0
0.7141381816271849,0.04738282638746283,0.0
0.9001268102533039,0.6761856928966525,0.0
0.05094663333808258,0.08040021798316555,0.0
0.4333102835213587,0.4197821815312768,1.0
0.22660158701907107,0.15917887732299907,0.0
0.3163804610062487,0.8602193605393904,0.0
0.456447269220715,0.8430419697227624,0.0
0.9295042939215085,0.4296976758224097,1.0
0.1370794774117029,0.9670358812029065,0.0
0.9351213403984658,0.6540090953505079,0.0
0.40042709250735997,0.9130426739133737,0.0
0.7556797443666593,0.7022595080391557,0.0
0.03905346814138699,0.058301773899093856,0.0
0.2779588188123012,0.7383463163566235,0.0
0.9355640779979673,0.10582997908424685,0.0
0.7422290376477361,0.18227019922465004,0.0
0.6530385456380544,0.9060416070219005,0.0
0.06133572351604133,0.7986144589144094,0.0
0.6047676064298619,0.6778346693748061,1.0
0.7371882958949804,0.040861026136943424,0.0
0.9795591695617539,0.9651867951520455,0.0
0.3135968694074496,0.8982073049668414,0.0
0.5834466477650707,0.10004545344862259,0.0
0.6073460291951113,0.48148104836483774,1.0
0.5994120448291133,0.28594591348001464,1.0
0.9060146133426612,0.867603585828491,0.0
0.4375204369840656,0.12296326375701716,0.0
0.7134318848418902,0.9407170886308839,0.0
0.9898931228574063,0.7712410789222925,0.0
0.7183918971825721,0.9317171816820911,0.0
0.45552454927146435,0.6927579134513725,1.0
0.6064694363238387,0.02701933077376706,0.0
0.5504570337322044,0.3388219373875233,1.0
0.6467703985121637,0.8360071778547801,0.0
0.2672597969090281,0.815064214848336,1.0
0.29825647849350323,0.7827157455780968,0.0
0.7816244706203355,0.3729825931888776,0.0
0.08303153012531195,0.7948374741736964,0.0
0.13209059345828233,0.3208436036193174,0.0
0.3150522824670594,0.03142692994203322,0.0
0.519038002196637,0.41219979308990773,0.0
0.636622791851363,0.9577632303860604,1.0
0.03755080200470429,0.3258912085863578,0.0
0.64559752043096,0.6769576628823704,1.0
0.9339094826181302,0.6143567051979857,1.0
0.695704439692362,0.687444835480294,0.0
0.6155535941964297,0.19895035630428215,0.0
0.9320795032385402,0.9790424733038832,0.0
0.9135966872828452,0.915575539738077,0.0
0.2650470015915023,0.7972975275240649,1.0
0.1716734799828672,0.14168832395141062,0.0
0.6470521983707143,0.0450504188289198,1.0
0.18711465014596096,0.13239973334118793,1.0
0.42646648258756825,0.7351867446352184,0.0
0.9420714404473396,0.38483922676278925,0.0
0.6645441887264337,0.8524113188831336,0.0
0.2034175074014103,0.07026404322226021,0.0
0.5206456962266277,0.056599654952234624,0.0
0.6381101615816324,0.8347302707130965,0.0
0.16962821128717087,0.44147547901885065,0.0
0.47253365834158556,0.8907026553171887,0.0
0.2665866482421614,0.5097690119014442,1.0
0.18176267674974989,0.26811407448006463,0.0
0.32734279814943623,0.07724730331919116,0.0
0.9145926940423281,0.8566758301907957,0.0
0.5023507237506767,0.6767942676313325,1.0
0.6751838654357912,0.41081976297813727,1.0
0.4508791796439803,0.7156736304655885,1.0
0.7333946203252879,0.3812196112266665,0.0
0.6310418206644174,0.5133574087668669,1.0
0.008856021882264531,0.37687695993662307,1.0
0.9041333150067987,0.5587805417845206,0.0
0.801647021744998,0.784038469292285,1.0
0.6875686466061242,0.1067461040094817,0.0
0.6592089672634001,0.12119917006041736,1.0
0.37338729276721094,0.08884406445087789,0.0
0.6867496842458681,0.11950148057195198,0.0
0.41418964492494736,0.06396200896929993,1.0
0.0719076021359224,0.21283753090926882,0.0
0.2664676313198835,0.7959709582318246,1.0
0.4684318496076131,0.732185490625547,0.0
0.043575451086648176,0.7738879022521853,1.0
0.858803668118512,0.3341093435179471,0.0
0.17284701660574864,0.7286846347904957,0.0
0.9517080672667745,0.6889843763230269,0.0
0.41494075513688355,0.6766216069261313,1.0
0.0817389220346868,0.16333160214891118,0.0
0.12448709649493828,0.5878360121195474,1.0
0.5022471941864938,0.7488652367506642,1.0
0.6874426256213934,0.2507410755132937,1.0
0.9710311949043421,0.41643080143055544,0.0
0.0706969707259375,0.21072098879506218,0.0
0.8028302426039917,0.17836545922842184,1.0
0.2634472708909761,0.44996686490221516,1.0
0.9532529851542276,0.37773638973776646,0.0
0.14009708004618782,0.4344902126483856,0.0
0.18627415553250104,0.28619092946434155,0.0
0.6909089761054982,0.6229771020508974,1.0
0.3269045530785084,0.720122265744645,0.0
0.0246352966207668,0.8152462325864956,0.0
0.34011478564897846,0.4798528236367148,1.0
0.9802291112790246,0.42724523922645385,1.0
0.4437870273608272,0.7792750464989071,0.0
0.4229951184538513,0.7842766211885257,0.0
0.4728491828023139,0.6022401683121607,0.0
0.5831757106825465,0.3088635831742319,1.0
0.6815085509745844,0.6359658152193968,1.0
0.7966170674471749,0.2716585453180175,1.0
0.3897005397592309,0.43222421978103887,1.0
0.9376867485761213,0.8580012886293786,0.0
0.0028409862261733476,0.254165800301282,0.0
0.6457797550404466,0.7410388981975997,0.0
0.5540369374350298,0.6045771905735394,0.0
0.16077957217103578,0.09859571567191394,1.0
0.28610750979046096,0.6440175986419299,0.0
0.2823586436994464,0.3316092861033042,1.0
0.8113637755526065,0.9397075360688201,1.0
0.013135310547236712,0.891008412384487,0.0
0.26503277911848355,0.1738604524361851,0.0
0.37769342329019595,0.21418843226840523,0.0
0.8555314835246144,0.162593711673373,0.0
0.888812217779446,0.4669569143591892,0.0
0.5610306789327827,0.20575839473278212,0.0
0.9197770334627373,0.7609020414163464,1.0
0.952096827761523,0.3719857693109092,0.0
0.40746942206303816,0.8522506748688841,0.0
0.8279707487968138,0.08081110845947748,0.0
0.7764530009571122,0.8342284096948615,0.0
0.09470947330544266,0.8136181866388398,0.0
0.6555741764333965,0.7607911551955594,0.0
0.13825854523125325,0.6534768361032649,0.0
0.36413593259533017,0.039119750245343865,0.0
0.9344409743468163,0.154232225171135,1.0
0.20151061238604973,0.08227863679869396,0.0
0.4997480776444462,0.3788082455290651,1.0
0.40753546202215885,0.3480139756707664,1.0
0.8777160710927784,0.26076947039349563,1.0
0.9967876582926913,0.490735564867226,1.0
0.18181171545216201,0.6618250061598804,1.0
0.9562165429568855,0.9932864735626692,0.0
0.4030043383787306,0.4971966860227338,1.0
0.46251749893274297,0.20747708043628244,0.0
0.17386402837030246,0.1909699967571311,0.0
0.5317625799220492,0.03199367326487068,0.0
0.6473233246255959,0.11228990205400546,0.0
0.8542826985356566,0.8408953246138824,0.0
0.5847103525851697,0.6093228322569592,0.0
0.6630999124814888,0.40226353230682366,1.0
0.7655271152798382,0.7360445020590115,0.0
0.8670549860563215,0.5176353658777995,0.0
0.828743536556346,0.976085219177265,0.0
0.12945991731477546,0.7886220289966029,0.0
0.648316333581956,0.7920962669279378,0.0
0.1614880061902194,0.7930157812832189,1.0
0.6259811431383238,0.6449309754507466,1.0
0.49122147782665126,0.11901867536253152,0.0
0.3325638034688668,0.24630630189511882,1.0
0.40809779871541996,0.8309322899336008,0.0
0.07861521084616907,0.529857102659079,0.0
0.5750618658723933,0.5409441373968088,1.0
0.010262278599439845,0.6884531249868554,0.0
0.29007854524112153,0.942715893480861,1.0
0.9551648282937931,0.37379999460711677,1.0
0.6108320541731366,0.7228793115054934,0.0
0.8093849327750007,0.30225713448258573,0.0
0.09178294177702417,0.8007969153562888,0.0
0.5653464581480824,0.774120791161512,0.0
0.8013932265023492,0.8072546781617759,0.0
0.9247739621231524,0.2806127880082464,1.0
0.0920488891256972,0.17114561007453144,0.0
0.08884758902164569,0.2290673330445132,0.0
0.5634670238727527,0.9205909055659718,0.0
0.5407490256419875,0.7263691717457771,1.0
0.17137596275488687,0.7543098527598887,0.0
0.3788058573278553,0.9140648305069816,0.0
0.031044913846605793,0.5658970063028562,0.0
0.4961794462329785,0.9485158923576027,0.0
0.794993694483434,0.16686874820914244,0.0
0.43212495326226097,0.6956882498695407,0.0
0.799630110322001,0.16167801362025935,0.0
0.4147098378129699,0.07913209502752294,0.0
0.00862949523178036,0.6567286297909379,1.0
0.9055149694336703,0.6876138966032526,0.0
0.43676011904779843,0.882478800288265,0.0
0.4117094838712383,0.09646871212637309,1.0
0.9790862178996688,0.8339305246758053,0.0
0.6438850642093831,0.2793713099655524,1.0
0.5537775301772901,0.9723448762177873,1.0
0.4977691616160187,0.8591536863094225,0.0
0.5984546920369206,0.7209354974034439,1.0
0.6345395015403106,0.1994181964227857,1.0
0.33317248721871684,0.3998267086436388,0.0
0.19022906955368435,0.6440533163725141,1.0
0.9204642661198611,0.7705480124034008,0.0
0.3155583730177065,0.08307842040910907,0.0
0.20000491934811782,0.6752984605084438,1.0
0.29891664159597064,0.8704154954568385,1.0
0.10554927331427189,0.0009778189175180252,0.0
0.7579938790994745,0.7894547027491927,1.0
0.523984217600561,0.5576150745034583,1.0
0.45697295259826454,0.8594857313108094,0.0
0.7661764731809054,0.692978932629773,0.0
0.8691070522362151,0.6668856336450777,0.0
0.989747765610493,0.31772765558949667,0.0
0.16508434144201856,0.3271674249152412,0.0
0.5925382606558437,0.8361736967136408,0.0
0.8802677698537383,0.33927026501355095,1.0
0.9636021468223,0.8594712021916268,0.0
0.5485087707285895,0.09113889804176045,0.0
0.36279865049866555,0.8301471280188226,0.0
0.32897947443151165,0.4370042476023436,0.0
0.8370207064909757,0.27206974362467107,0.0
0.6249129811295419,0.7159170187169055,1.0
0.31412330172168934,0.23919421580496747,0.0
0.9326547625706815,0.06222901875330522,1.0
0.6756307284816244,0.5870621033306048,1.0
0.39063396079430956,0.7458035703990437,0.0
0.6778879798412685,0.018479158905352344,0.0
0.8794759565854046,0.1949214542844494,0.0
0.052338493297921174,0.07779149446304778,1.0
0.48382493097714274,0.1386409632338903,0.0
0.9686488809305294,0.8299507603098468,0.0
0.9091410631848491,0.6012976292641223,0.0
0.942122967407513,0.6836066521377158,0.0
0.3992147895814364,0.2570321800584462,0.0
0.8309633945695515,0.762322784295207,0.0
0.9319680633605847,0.18604801732204124,1.0
0.3575215675505028,0.5576220879325077,1.0
0.7668268631222813,0.11283487605680054,0.0
0.8218632022479397,0.11284026972408723,0.0
0.46449399008108017,0.17635054745474799,0.0
0.1518652901352987,0.402754836865032,0.0
0.05243750944101033,0.0686739559074766,0.0
0.9973592289709604,0.22815461699763595,0.0
0.10637859784168413,0.4527510032661545,0.0
0.5781454885465176,0.4974404638018507,0.0
0.741767950772902,0.40273484782067737,1.0
0.07115973907703488,0.5585295968327357,0.0
0.9742916211899895,0.45582732807872295,1.0
0.5951108280380967,0.5978954711322699,0.0
0.890469027601085,0.5847652956326779,0.0
0.05770868221848868,0.13543705907988934,0.0
0.9813093678716298,0.39057883227999357,0.0
0.36239150700373834,0.47275369909636744,0.0
0.978748875634286,0.16390942543271458,1.0
0.8335216259960742,0.3225748755800991,1.0
0.6735615533205007,0.5608790012580025,1.0
0.6397020690636896,0.22117212438053058,0.0
0.6564038262290217,0.9108530362074057,0.0
0.28478287212199094,0.9881749863166747,1.0
0.898826636543657,0.24424983221955832,0.0
0.6986657339613614,0.0785232548591398,1.0
0.8469095797105526,0.3416374329432209,0.0
0.31706791559065894,0.4600081172960283,1.0
0.43917508216453804,0.1571357992208019,0.0
0.7767522376707998,0.2285543818568121,1.0
0.19534957638380068,0.1432155731981365,0.0
0.29102898925335585,0.9992868280264842,0.0
0.07085739489916865,0.08598224974761681,0.0
0.28229906568674135,0.11908829865508341,0.0
0.344552835767568,0.9898512285386412,0.0
0.1259121007921309,0.2934441473518784,0.0
0.9620869493963133,0.023710005462537542,0.0
0.7860345506221167,0.288051650449923,1.0
0.4108274204182133,0.12654705765104568,0.0
0.3479017273530456,0.8414578928428625,1.0
0.5879209755993298,0.7487582755982816,0.0
0.005702035008287476,0.7652866607956766,0.0
0.775502089493057,0.2935353379347554,0.0
0.3323603590998734,0.1916542406223426,0.0
0.9549893453368296,0.708327540479149,0.0
0.34616993050240763,0.5560574526895394,1.0
0.6744089320108151,0.3023306091782165,0.0
0.8207053336540424,0.5245931803464898,0.0
0.2556890342890179,0.6771646266798674,0.0
0.9700078162079464,0.7598667162414163,0.0
0.5279788821827123,0.3025027811527633,1.0
0.9819890344302683,0.3122281270516244,0.0
0.3325227606942601,0.5572270926317892,1.0
0.02826828084267774,0.6067077059626284,1.0
0.6237980336957074,0.6285617299031555,1.0
0.5193381999124695,0.9777599973605191,1.0
0.055718554333523795,0.21070244486537215,1.0
0.4448541329851128,0.37941188851670704,1.0
0.16407931471451997,0.33632787908619455,0.0
0.6499906111674054,0.3392393478448368,1.0
0.8497550040627337,0.4878239179888414,1.0
0.1559079931316132,0.2951654036414484,0.0
0.09473234487677407,0.6711852953031836,0.0
0.7986182472770771,0.44961072205585284,1.0
0.5746992593662951,0.2933190148836843,1.0
0.11792132423085122,0.425521525977996,0.0
0.7338859403316891,0.7400969104899378,0.0
0.6787117761290704,0.30302016206408666,0.0
0.29820994853967997,0.2702142515186927,0.0
0.8400417094914916,0.905962251886865,0.0
0.5916409071299779,0.12528455257344995,1.0
0.4559541245331997,0.5398889098312668,1.0
0.06875108435536226,0.12708520140364044,0.0
0.4037863348998585,0.3690198032094252,1.0
0.7325297066697455,0.9727899802208151,0.0
0.5856124706196192,0.43158515563837463,1.0
0.6138066111341324,0.9537972044531868,0.0
0.3697752928636694,0.518507903668912,1.0
0.9106045369489698,0.6536630263319719,0.0
0.1246095605775086,0.1268048517888528,0.0
0.6407975252835174,0.9526818446169887,0.0
0.8431887646128785,0.004370100518706899,0.0
0.82553111694693,0.29783896262098586,0.0
0.28878687120124147,0.27615565925688,1.0
0.41010994839055703,0.0722079788976121,0.0
0.07689952872014794,0.7097895832942858,1.0
0.14713859542449836,0.971366794336079,0.0
0.07761434775470322,0.7305208603094937,1.0
0.15076421666924755,0.01994114016435533,0.0
0.6331126568174371,0.4534344324786964,1.0
0.6134143542443857,0.15169375717242772,1.0
0.03914662091779997,0.8394349930443435,0.0
0.879488165321091,0.2164586768250355,0.0
0.8412491201732624,0.07673913400633325,0.0
0.958727533140233,0.45409129959957717,0.0
0.7243855519774962,0.5157135524816386,1.0
0.6261844330078574,0.34496024245980006,1.0
0.8459055800934915,0.09126630106712219,1.0
0.6780452406289696,0.5418685919873405,1.0
0.9712293706034872,0.756170179520291,1.0
0.4149632786041204,0.22804307661863765,0.0
0.4235515441928204,0.6528829052168376,1.0
0.05021524155580459,0.5284738750708405,0.0
0.38046510413514434,0.7755314046956618,0.0
0.4246313255932562,0.43156675949300605,1.0
0.16945264872710597,0.19823406591550197,0.0
0.9017164626261852,0.6463470652530743,0.0
0.16263233654061793,0.6845612993570706,1.0
0.7580971551562266,0.16426440164043232,0.0
0.2111175643670491,0.04539950632027612,0.0
0.3901211258745918,0.5381624630119742,0.0
0.6696033111931042,0.923215191587154,0.0
0.794262419859451,0.2619152475609765,1.0
0.6597779836965731,0.9553350409147428,1.0
0.2543068330030557,0.1557905800167778,0.0
0.36072079453448513,0.6516656531461618,1.0
0.266823896786917,0.4271602696083341,1.0
0.8998812670735244,0.7569175309832787,0.0
0.25565134265146383,0.6694597748189877,0.0
0.16994910214890613,0.3120933708479776,0.0
0.17046029463893142,0.5778279505801356,0.0
0.32888569120487643,0.17602625803778715,0.0
0.5171581824922007,0.006886010230389261,0.0
0.821960161059575,0.8681171548989786,0.0
0.817370782822033,0.19708790060222403,0.0
0.2421699817092139,0.3176567543396004,1.0
0.24149666896523447,0.9268152344715529,0.0
0.2865396863453622,0.768054640173332,1.0
0.5033007804587623,0.2337814331002379,0.0
0.655603462123823,0.021341164650423905,0.0
0.4525893892651405,0.7884580062779436,1.0
0.8109786094195002,0.09219127767381541,0.0
0.9937790060312242,0.37165822968493356,0.0
0.9206625816010622,0.4058441454908157,0.0
0.9055303390886625,0.054678608721886124,0.0
0.9822330585402068,0.7939025729930375,0.0
0.17030933410672566,0.7484651634010568,0.0
0.9419688239121946,0.5792533339539342,1.0
0.33888372134429545,0.32429563037204934,0.0
0.4843603114125813,0.9581704319918173,0.0
0.5826494491988932,0.5628409708744542,0.0
0.7966847873555557,0.24767712740529513,0.0
0.32536684598399845,0.04418740646676245,0.0
0.4045491552274726,0.35018449386620976,1.0
0.6357999511882825,0.14758037842832583,0.0
0.7348880834990664,0.5337241682916268,1.0
0.4079392652071161,0.6788702362273837,1.0
0.18694462365161668,0.2823321136638428,0.0
0.44166712398367625,0.4733333635260347,1.0
0.16246685256228655,0.7707884187456671,0.0
0.24331736000280002,0.20119830547144646,0.0
0.7380139692753958,0.3912636294860147,0.0
0.9748041585785873,0.7689567556226531,0.0
0.4346425506181927,0.9206393483537646,0.0
0.21908744754913057,0.7682450443695829,0.0
0.22605761690296922,0.8371054540959003,1.0
0.8480570204162375,0.39037333079775915,0.0
0.04941212371109294,0.5583231960711939,0.0
0.05044141261759194,0.4264038218739301,0.0
0.6324762371329563,0.898105500323052,0.0
0.9411898234248419,0.2712721877375559,0.0
0.28508824393386667,0.7652599364664111,1.0
0.4429429412313822,0.6478217670661853,0.0
0.4745860621322461,0.34757641222954627,1.0
0.32411142501716617,0.9269666390293707,0.0
0.4588282969799141,0.6720967088509028,0.0
0.3213068674196561,0.067325254472974,0.0
0.8907395395960047,0.3475024173650755,1.0
0.26469564425141023,0.18257248801435844,0.0
0.5393393816252983,0.0893871716548652,0.0
0.9095143217846948,0.23780593180476495,0.0
0.568131642565528,0.4367660892889036,1.0
0.5075137013164449,0.9582182074071737,0.0
0.510700928955827,0.4263674280279439,1.0
0.9541414653700659,0.6282944167444638,1.0
0.6545927192008252,0.8750715649719601,0.0
0.46313731610246733,0.46907109750999154,1.0
0.5112333590486987,0.11827972396893471,0.0
0.47379582692977107,0.20433522226983059,0.0
0.20905141239622316,0.00807632461086294,0.0
0.6517779379098803,0.6224799832382715,1.0
0.3832975731583472,0.6512215932787804,0.0
0.8518873188563854,0.9544293440094666,1.0
0.38281772172937545,0.8473403131885975,1.0
0.9034526091650821,0.23639294888910412,1.0
0.8994911857466511,0.12424892224627282,0.0
0.6562485456496266,0.8248769186405185,0.0
0.7832887500300417,0.47061755422075713,0.0
0.2871638412684915,0.285184364123529,1.0
0.8970603547659172,0.25301702381960456,1.0
0.06994871769073419,0.31170291124021743,1.0
0.07400769754732428,0.7067977947823898,1.0
0.8360219753544504,0.311185977602224,0.0
0.45833991735943236,0.2998223833856273,1.0
0.5696205802053979,0.11900384520460416,0.0
0.9092212667465531,0.513634904890055,0.0
0.3395456339302533,0.079155601107753,0.0
0.13685028566534418,0.5599306727692354,1.0
0.6862400028388602,0.9142903081530858,1.0
0.5134615944605151,0.35724053361891783,0.0
0.35479462771653947,0.38064148827991307,1.0
0.9160831227426404,0.14535665847984358,0.0
0.1250380321453224,0.1612533740589761,0.0
0.41342277770043756,0.8791806398015771,0.0
0.534112211500954,0.9192936224814149,1.0
0.6042396030512563,0.7293508437343847,0.0
0.510156055189396,0.47788910612789715,0.0
0.6758010953920086,0.8693934422900373,0.0
0.8999194453671452,0.8212422346642122,0.0
0.8485995792815393,0.44712844058547696,0.0
0.6966613066028763,0.7977242994668752,0.0
0.7959567902441553,0.23188870666300732,0.0
0.7239861896828803,0.8526315882610223,1.0
0.4992454409633329,0.2071066384165915,0.0
0.34832857356145364,0.30953892485402346,0.0
0.3539339079815257,0.7532417971335992,1.0
0.24323630495563797,0.45325378469766797,0.0
0.638898768804929,0.4008140625984491,0.0
0.20689149637249216,0.032016489654765334,0.0
0.14094530204677125,0.17326806519028382,0.0
0.6877165738081149,0.8868247762994543,0.0
0.10057127201430716,0.4138183861122007,1.0
0.9865258423435476,0.6597133150852076,0.0
0.21477879763925523,0.3543843050753881,1.0
0.23420210826576515,0.6413493499422361,0.0
0.497587573005832,0.4707396227571571,0.0
0.4087295331032528,0.821941446817491,0.0
0.4272376332426099,0.3316858458250235,1.0
0.8712823350818153,0.19581399141207556,1.0
0.7461417697672325,0.704979711488762,0.0
0.5434160087074308,0.8537338684441745,0.0
0.166360464340636,0.9089066493114548,1.0
0.008208438847715827,0.038416489446510105,0.0
0.2550225524727857,0.9840789348651237,0.0
0.3657408750572888,0.6070593580058528,1.0
0.11518817268216897,0.7716806581482114,0.0
0.13028603993580024,0.21383399439538853,0.0
0.16777046062780654,0.882960516563991,1.0
0.11839271521224204,0.575617695538513,1.0
0.14843621993800693,0.2098729142540312,0.0
0.45080757496368673,0.6550693883435125,1.0
0.8132818233861655,0.8900180108184624,0.0
0.3619251707533089,0.8781317505557258,0.0
0.443632414232232,0.09448069929393776,1.0
0.7429780057203429,0.31513876431372057,0.0
0.6227935801583963,0.8039200668449928,0.0
0.4055124798319849,0.44595503304087325,1.0
0.7659334557555203,0.6329114068968205,1.0
0.2657538850680019,0.304601046380652,1.0
0.3328357613646852,0.5563998029486075,1.0
0.6679465698237377,0.27703424965467516,0.0
0.7658613522563718,0.17672316577466907,0.0
0.1993016796438969,0.19779620481436266,0.0
0.7037501275339437,0.7033954965767989,0.0
0.5876932775448324,0.4320381481320148,1.0
0.5565412168217704,0.22098650924847274,1.0
0.6013594009718889,0.0962001381164087,0.0
0.44348996797294726,0.14225016899263865,0.0
0.20791349403252202,0.13480398542529104,0.0
0.9180897790818828,0.912960479965757,1.0
0.9411120363656483,0.5364997206158377,1.0
0.9687792301780062,0.47698415184858933,0.0
0.4029859018425822,0.8917036096722977,0.0
0.056533728620272394,0.027354072129184392,1.0
0.7314556950729802,0.8435175231451743,0.0
0.2472516649677602,0.5288138430801592,1.0
0.031204010299233143,0.9041355908366943,0.0
0.2760072200413698,0.5687345004480016,1.0
0.6045513436514881,0.62216933474871,1.0
0.6497355259022224,0.3363275458671806,0.0
0.7831906912943672,0.6349659104080654,0.0
0.6735805226354701,0.58956748098858,1.0
0.4278475430444181,0.767104868325225,0.0
0.2112118245384097,0.74148153351545,0.0
0.16326576194644216,0.44143075893235795,1.0
0.569692320528094,0.37353746141797306,1.0
0.7314368424021132,0.45285053437638545,1.0
0.5081856552768168,0.11015758241268125,0.0
0.7501695238534373,0.268767536557058,0.0
0.19174372241101156,0.9279950452291862,0.0
0.9398332993769264,0.9574842958516573,0.0
0.607033195214305,0.5630882059078467,1.0
0.9691256974070491,0.2165001247382281,0.0
0.05641606285850842,0.05838298696040656,0.0
0.5634504609061625,0.7227591759807374,1.0
0.4834408248781975,0.79159437444732,0.0
0.5423557399297303,0.2777938237991595,1.0
0.10093884834086542,0.05316721235583244,0.0
0.08171995308590962,0.8674388824699195,0.0
0.0478361074627357,0.2938468845234081,1.0
0.1875583250631837,0.758819759448329,0.0
0.8515656925149565,0.13984871666189136,0.0
0.6682992688756376,0.4942873587915587,1.0
0.2537350584953232,0.4707652781410986,1.0
0.5826855762521084,0.46179267660423295,1.0
0.269427199899436,0.07868973740976637,0.0
0.20463073411100896,0.3840011691200991,0.0
0.7714365956909217,0.8844018485716454,0.0
0.10235969696196856,0.5215778313589697,1.0
0.8475582687421116,0.846984135845156,0.0
0.5733324055065881,0.6195238250533889,0.0
0.7506097044203777,0.059375093768908704,1.0
0.9590798701345866,0.7577852835741047,0.0
0.8193676451725982,0.2858504030357025,0.0
0.20317258160711227,0.8240370744423084,1.0
0.17646067580647462,0.14547118976835416,0.0
0.10245686829005995,0.6629850776702673,0.0
0.6105036080709737,0.13058244316361933,0.0
0.08353713579511779,0.4080267203924055,0.0
0.24443175039802834,0.1587911399155425,0.0
0.9645169036343417,0.6868881538822769,0.0
0.7195309869992289,0.5108478623883229,0.0
0.7309037451052481,0.563931968538047,1.0
0.7746225742848627,0.7483534795063842,0.0
0.18319113695918543,0.5692253588552129,0.0
0.328010632956237,0.5256897452313508,1.0
0.15144613547507135,0.760656249555819,0.0
0.7430014514929508,0.8429565392099038,0.0
0.6900898207879518,0.03554433969705406,1.0
0.607115573066833,0.7004952704526378,1.0
0.26215721462250163,0.7688113953048208,0.0
0.3008413140091003,0.7437313128154402,0.0
0.8646318150460327,0.13492667729348928,0.0
0.3702760050139121,0.716975119601299,0.0
0.3314896379145733,0.56625845941422,1.0
0.4710464455466451,0.20051081059058518,1.0
0.3954375068950756,0.8613754732904053,0.0
0.33724431493410456,0.013860642813590451,1.0
0.4947330453085199,0.6545249624067174,1.0
0.9270205066897294,0.8015154645118767,0.0
0.4244657069807565,0.3765566685301096,1.0
0.5368069368372518,0.7933823749430126,0.0
0.06240166328292174,0.5694256856209723,0.0
0.7141693508490853,0.7113532849516616,0.0
0.2142360926956688,0.37157036354430206,0.0
0.282369457408826,0.9863255567681449,0.0
0.06952345515836333,0.992965381622875,0.0
0.5583731229032346,0.719979809332645,1.0
0.734681115414194,0.9707795827801928,0.0
0.04620255722074451,0.6146840312033824,0.0
0.0454929058422332,0.22831950305419002,1.0
0.8241618429508689,0.8930779759332259,0.0
0.8600059969718888,0.7660234678995805,0.0
0.2712320776699114,0.7041394186185679,0.0
0.10275057682272082,0.8593691652603841,0.0
0.4093149512001375,0.4680494980829065,1.0
0.6118387230561299,0.9219703090233734,0.0
0.6079185307408342,0.9010286621724878,0.0
0.038256519714717885,0.33841431499325925,1.0
0.7405886410052243,0.2957925286187788,0.0
0.38379313006200244,0.9998773410138884,0.0
0.5045714600256006,0.8371998715267223,0.0
0.29246101345066455,0.12780812101223427,0.0
0.2752466574761264,0.4565880044898265,1.0
0.14285411557976924,0.13216715542321122,0.0
0.8734121392182765,0.538839156524607,0.0
0.5306630287842393,0.9027321569001315,0.0
0.3517817211191534,0.29597005220377914,0.0
0.05453987638688995,0.1494009549180647,1.0
0.3649705463688572,0.428474457064526,1.0
0.10011606774000315,0.02938106804295726,0.0
0.49455937773045966,0.2106820063900443,0.0
0.7760130587896771,0.9818223053743425,0.0
0.0792200977622528,0.45363581285150534,0.0
0.48807811758848985,0.7731412136072007,0.0
0.30010831267090987,0.4818020437673636,1.0
0.8691548262041525,0.9531778330611473,0.0
0.2211625826216177,0.04542579198942265,1.0
0.030622849790125306,0.6487434170274503,0.0
0.9579499466879019,0.8818305774086402,0.0
0.9661260551973502,0.41706687592211256,0.0
0.17071951944217967,0.6564111700072796,0.0
0.2689709519615783,0.6585476537712265,0.0
0.31234453368088033,0.20476267546461824,0.0
0.17253257953910273,0.013466102236957544,0.0
0.637019265555051,0.3287017442154663,1.0
0.7840249172149647,0.8335738799068716,0.0
0.4652270685014519,0.39417846956762714,0.0
0.16983098581461376,0.6170402497136858,0.0
0.5684924872932513,0.7216800407077669,1.0
0.022784542252623163,0.45324854078934695,0.0
0.8243492803941781,0.5517924364970803,0.0
0.4729265228357561,0.4552136943539572,1.0
0.4111417443245111,0.8408928711319859,0.0
0.19711251320908718,0.015733498605801977,0.0
0.6092071243019108,0.439975100863898,1.0
0.6735165668647404,0.5135752595274574,1.0
0.2571996712712915,0.39599271017707627,0.0
0.6303158537554536,0.7596048262310146,0.0
0.40504196882210275,0.7030394192663897,0.0
0.29543384686741747,0.7345882805367533,1.0
0.23148415740380468,0.13378828408665988,0.0
0.15923090567664444,0.6130047819994389,0.0
0.8195318938137133,0.38266492996735046,0.0
0.7621634542145402,0.11350785494519755,0.0
0.48129098968970885,0.8594768908458477,1.0
0.13290080722730702,0.8834132829518853,0.0
0.6307319927916565,0.16593733949519185,0.0
0.3582734258485153,0.4195358963449365,1.0
0.7007663992109944,0.334724020123624,1.0
0.4289451811408088,0.573492160869798,1.0
0.03379104723037485,0.7608690649421358,0.0
0.013599433995107879,0.7260130663678087,1.0
0.02314475113232073,0.8923907860513479,0.0
0.7887480082342978,0.8654312124100036,0.0
0.043813727957330295,0.21894623423909587,0.0
0.5734822086404895,0.41053486350598245,1.0
0.10168456002082082,0.8183153361193553,1.0
0.2023981158025019,0.5424805443910858,0.0
0.14990251592388604,0.8256777895496661,1.0
0.30955922862709906,0.7632536131088482,1.0
0.7497736527987842,0.014137166674270674,0.0
0.19627640255203993,0.09127568881003811,0.0
0.9196617787422399,0.7849626798510456,1.0
0.044821983129466725,0.48062907802561916,0.0
0.6693690501129292,0.5907232720592623,1.0
0.9935756888721633,0.4868771619763781,0.0
0.34461461643749014,0.15114107561708023,1.0
0.24742760463805535,0.4552429797376901,0.0
0.3882913315611636,0.214060289842968,0.0
0.9992315069243957,0.19503331573345772,0.0
0.19931578424846919,0.4413737539289091,0.0
0.33418084464216813,0.8722223693436436,0.0
0.3330910918174832,0.9129520947531082,0.0
0.8090326091983059,0.6730265829126403,0.0
0.4101628007088227,0.13011077539862748,0.0
0.5472411448298786,0.5151473989240871,1.0
0.6937178880214496,0.3420469723222057,1.0
0.93439573842698,0.08654714394026752,0.0
0.40615295836013765,0.23376793066748247,0.0
0.6993929491160416,0.6847980970579977,0.0
0.8597402295754207,0.04941622389086475,1.0
0.5388395879126033,0.8422777250723222,0.0
0.7215651598985148,0.6763615134479295,0.0
0.3619346094535477,0.10128883085685314,0.0
0.8270493289580791,0.3296808131269432,0.0
0.9088851209700924,0.20319843602851972,0.0
0.6422544549474491,0.27788527682233866,1.0
0.711004540809428,0.20313667334487417,0.0
0.07605276146082707,0.9918868170374738,0.0
0.7253841134311639,0.7700330692391856,0.0
0.884950036917827,0.3631575690994373,1.0
0.45908543971425464,0.37480280411532085,1.0
0.12050423033605817,0.1751829975555521,0.0
0.015837706639758142,0.20508077952494008,0.0
0.14305799129413088,0.9942820759455401,0.0
0.5659367831656514,0.6289997471943781,0.0
0.9741780260019017,0.22102167144478513,0.0
0.10017702297282072,0.2500328996304009,1.0
0.1920634696241631,0.041490177406625084,1.0
0.7719825170648509,0.37826355307016135,1.0
0.3412253791826868,0.35340596844607797,0.0
0.5343221342069058,0.036999581884086585,1.0
0.369841881337305,0.7349604174232398,1.0
0.808851336806899,0.02405562873092626,0.0
0.9935411140402003,0.4995019799884107,0.0
0.4455003963312092,0.1828474345494313,0.0
0.7268482056986558,0.7121478224617097,0.0
0.9371425838158878,0.0680870636899713,1.0
0.6646890903917736,0.9415623715811896,0.0
0.03260123007556592,0.08892751238844843,1.0
0.9208042478234174,0.06851944744126004,0.0
0.23704777884927963,0.026685100809327844,1.0
0.32456034837780323,0.5051651965236393,1.0
0.9886693797690467,0.2763100595808843,1.0
0.520048331189075,0.7877738365515208,0.0
0.5411460690087538,0.8036554383802194,0.0
0.8355668369971708,0.4132692587565263,0.0
0.12049603244671181,0.8535150136471676,0.0
0.22167182156510779,0.4711929482364233,1.0
0.176630540153631,0.506077520086651,0.0
0.7579886314664457,0.9465988558487362,0.0
0.037348546262409354,0.4372265249996339,0.0
0.011819735714198587,0.8242831975989945,0.0
0.0898312504644928,0.9855288140307452,0.0
0.8704467849595396,0.1252261524928886,0.0
0.5554061392083813,0.5765807340219038,1.0
0.4853723428316532,0.7725307232162114,0.0
0.15194894964205463,0.175011164253158,0.0
0.32391493742176003,0.7626101270968492,0.0
0.04122162712212818,0.7681753436885973,1.0
0.4108212452910629,0.712446554574694,0.0
0.3695646158039253,0.18418588201988217,0.0
0.1262076435067916,0.3618721158578537,0.0
0.025632435527263575,0.1595401461261189,0.0
0.7229248570781278,0.7464297002503693,0.0
0.7476978938298161,0.6330897784533618,0.0
0.05578532967731431,0.04764621675365677,0.0
0.3322696034597349,0.7861769141922508,0.0
0.2875691766701117,0.15615168639166022,0.0
0.6478314787771963,0.5385273446835911,0.0
0.29135474062134914,0.11978884924695232,1.0
0.5331670873799579,0.08966344806891569,0.0
0.54486645141807,0.22716395052737193,0.0
0.23452118110619102,0.24665665758126765,0.0
0.2014606469077178,0.7801162592372046,1.0
0.7188770669328608,0.14021468427816908,0.0
0.9434797183959328,0.08116285704773596,0.0
0.640161896499895,0.4822574438135109,0.0
0.4830321876237629,0.8628332973614226,0.0
0.21895881005560092,0.3485667119546282,1.0
0.09172663907238976,0.8156879258478386,0.0
0.43463360180639454,0.39498175381030687,1.0
0.20616354824124716,0.26005369670488776,0.0
0.17240460254816614,0.439605121488586,1.0
0.6950874377256563,0.3753469450093435,1.0
0.97470822396857,0.9782356821889026,0.0
0.4533988351825651,0.3269045311055174,1.0
0.2252947072528323,0.633089774361637,1.0
0.354620741202751,0.15933997293161717,1.0
0.7607259184231574,0.4761773686930506,1.0
0.7263636115063576,0.20624797367702008,1.0
0.5913495352723986,0.705942309687107,1.0
0.9206777297366509,0.9990108849426179,1.0
0.6640104119109922,0.0993920917476454,0.0
0.3497355423869374,0.00029721479458266753,0.0
0.7980806185641356,0.5074492232549606,1.0
0.21602630557089486,0.6012353596032405,0.0
0.024912150658089938,0.3638867234987776,0.0
0.7000314183046386,0.6568290081353995,1.0
0.6127403716190045,0.2522256967052201,0.0
0.3188967122842916,0.8232569937945031,0.0
0.5736424007304459,0.48670135340290754,1.0
0.03748164246669128,0.09818075326048381,0.0
0.17040876903540658,0.6396464234019004,0.0
0.39992292302733634,0.3448671983506315,0.0
0.7703407204852325,0.12777464467313504,0.0
0.9725761871684913,0.6050520593651105,0.0
0.25250631991091854,0.9037391832405786,0.0
0.04492163739307109,0.0996617282966562,0.0
0.9790969596956735,0.08570211826091911,0.0
0.5635683938296809,0.33134039090950596,1.0
0.4914244553138545,0.4391026044475641,1.0
0.4235364675352673,0.9925630445227256,0.0
0.8798060483322047,0.16281435786731446,0.0
0.3029354041000375,0.7023948169914176,0.0
0.5826529471695652,0.41906404271019604,1.0
0.8624000454913572,0.2217315090476174,0.0
0.031219100558920188,0.41299327125921004,0.0
0.17558247695142237,0.869464123466103,0.0
0.7940152451976994,0.891330559949866,0.0
0.5302759263394184,0.631050733387944,1.0
0.5161866707606204,0.9086290866592798,0.0
0.22911360942213876,0.73427202900934,0.0
0.36725812031001126,0.0004934417518480672,1.0
0.6191348120703221,0.026879220133839365,0.0
0.9632188900807207,0.46911539902172916,1.0
0.6342303457245237,0.5624929316600306,1.0
0.13136663301176332,0.27106737275804105,0.0
0.7562319277673272,0.43778224976253455,0.0
0.5956771854946752,0.2577021522080677,0.0
0.28055809146755306,0.8072803145954147,0.0
0.817753655161789,0.5334295195421805,0.0
0.1770083434585612,0.3494109230375655,0.0
0.9982662605461166,0.9453003910660301,1.0
0.3582476673884595,0.20447490476130892,0.0
0.49996026611202316,0.29776016391014026,1.0
0.6891610282494531,0.45200478957180956,0.0
0.6355570276665635,0.7819141693069156,0.0
0.9406604168966738,0.6869159298621426,0.0
0.14072475697800446,0.604676255011775,0.0
0.5666016969107157,0.8229941360694135,0.0
0.5438833269433982,0.6295699253717889,1.0
0.08349080490328908,0.8082337521688999,0.0
0.6402767528560995,0.5269862371298278,0.0
0.3191713382871012,0.7034774007166126,1.0
0.6965515585399971,0.41571318264560486,1.0
0.0598297153922932,0.20619895285639966,0.0
0.5167584364973578,0.5546963591697371,1.0
0.15458551290943423,0.4825197291106619,0.0
0.8212897322310955,0.6856350120949866,0.0
0.018891246466404943,0.028496965192199575,0.0
0.9954529782758499,0.8723973320461691,0.0
0.9307916899085816,0.684645789247919,1.0
0.36199298925885726,0.760942925001869,1.0
0.07103132346399754,0.22633170874789332,0.0
0.987935398631613,0.9533186328629815,0.0
0.5701805290276633,0.9173176938165657,1.0
0.3227886080753489,0.31561768046829874,0.0
0.288686029155673,0.30387968075766547,0.0
0.05594082639587927,0.979567623083918,0.0
0.4583691090386438,0.535459878291564,1.0
